0
10
100
10000
10005
10007
100137049
10020
10026
100287513
100287639
100288072
10038
10039
10050
100507855
100509620
100526760
100526794
100526835
100528030
100529261
10054
10055
10056
10057
10058
10059
10060
10068
10075
10076
100861540
10087
10090
100996939
10105
10106
10110
10114
10130
10134
10135
10157
10162
10164
10165
10166
1017
10170
10171
1018
10188
1019
10193
10195
10196
1020
10201
10202
1021
10210
102157402
10217
1022
10226
10229
1024
10243
10246
10249
1025
10257
10269
102724197
102724560
10273
10277
10283
10290
10295
10298
10299
10312
10317
10321
10327
1033
10331
10351
10352
1036
10380
10390
10396
1040
10400
10402
10419
10420
10423
10434
10436
10449
10450
10455
10461
10465
10476
10477
10478
10494
10498
10499
10514
10524
10553
10554
10555
10558
10559
1056
10560
10568
10585
10587
10588
10595
10599
10600
10606
10610
10617
10621
10622
10623
10632
10637
10645
10652
10654
1066
10667
10678
10682
10690
107
10714
10715
10720
10721
10723
10724
10728
10733
10746
1075
10762
10768
10769
10783
10786
10797
108
1080
10809
10825
10826
10840
10841
10846
10855
10858
10861
10864
10868
10869
10870
10873
109
10901
10905
10908
10914
10919
10922
10928
10935
10941
10948
10951
10954
10965
10975
10991
10993
10998
10999
11000
11001
11010
11011
11019
1103
11035
11040
11041
11044
11046
11059
11060
11065
11072
1109
11097
11099
111
11101
11102
1111
11112
11113
11122
11128
11136
11143
11145
11156
1116
11163
11164
11165
1118
11181
11182
11183
11184
11185
1119
112
1120
11200
11201
11212
11213
11219
11221
11226
11227
11232
11236
11238
11240
112476
112483
11253
11254
112611
11266
11269
112694756
112724
11274
11277
112817
11282
11283
11284
11285
112858
113
113026
11309
11313
11316
113189
11320
113235
113278
11328
11329
11332
11342
11343
113451
113452
113612
113675
114
114049
114112
114134
114571
1147
114770
114771
114783
114799
114805
1149
114971
115
115019
115024
115111
115123
1152
115286
115426
1155
115584
1158
1159
1160
116085
116179
116255
116285
116369
116519
116969
117246
117247
117248
117283
1178
118424
118881
119391
1195
119548
1196
1198
12
1200
120103
120227
1208
120892
121214
121260
121278
1215
122011
122481
122618
122622
122830
122970
123
123041
123096
123099
123263
123264
123283
123688
123745
123803
123876
124
1244
124454
124512
124583
124637
124739
124872
124935
124975
125
125061
125206
125965
125981
126
126129
1263
126328
126410
1267
126792
126969
127
127124
127253
127544
127933
128
128486
128853
128869
129401
129607
129642
129807
13
130
130013
130367
130399
130507
130589
130752
131
1312
1314
1315
131540
131669
1317
131890
131965
132
132158
132160
1326
1327
132789
1329
132949
133121
133686
133688
1337
1339
1340
134111
134429
1345
134510
134526
1346
1347
1349
1350
1351
135152
1352
1356
1357
1358
1359
1371
1373
137362
1374
1375
1376
137872
137902
137964
138050
1384
138428
138429
138639
1387
139189
139596
139728
140469
140609
140679
140687
140733
140739
140803
140838
140901
141
142
142678
142679
142680
142689
1429
143
1431
143162
1432
143279
1436
144193
144195
144233
144245
1445
145173
1452
145226
1453
1454
1455
145553
1456
1457
1459
1460
146664
146712
1468
146802
146850
147323
148581
1487
148789
148867
1490
1491
149603
15
150290
1503
150465
150763
1508
1509
1510
151056
1511
151112
151194
1512
1513
1514
1515
151531
151742
1519
1520
1521
1522
152586
152926
153201
1537
153769
1540
154091
154141
154214
1543
1544
1545
1548
1549
1551
155184
1553
1555
1557
1558
1559
156
1562
1565
157
1571
1572
157285
1573
157506
157570
1576
1577
1579
158
1580
158067
1581
158160
1582
158234
1583
1584
1585
158506
158584
1586
1588
158833
158835
158866
158880
1589
159
1591
1592
1593
1594
1595
159963
16
160287
1603
160428
1606
1607
160728
1608
160851
1609
1610
1612
161247
1613
1615
1621
1622
162333
162417
162466
1628
1629
1632
1633
163404
1635
1636
1638
164
1644
1645
1646
1650
165631
166012
1666
166614
166785
166929
167127
167153
168391
168433
169355
170384
170685
170712
171425
171568
1716
1717
1718
1719
1723
1725
1727
1728
1733
1734
1735
1737
1738
1743
1748
175
1757
1759
1760
178
1785
1786
1787
1788
1789
1798
18
1800
1806
1807
1808
1809
1811
183
1836
1841
1843
1844
1845
1846
1847
1848
1849
1850
1852
1854
1859
189
1890
1891
1892
19
191
1915
1917
192111
192134
192286
1938
1951
1956
195814
196051
196074
1962
196410
196541
196743
196883
1969
196951
197131
197257
197258
197259
197322
199857
199974
200010
200576
200810
200895
200931
2011
201164
201232
201288
201562
201595
2023
202374
2026
2027
203
2030
2033
203611
204
2041
2042
204219
2043
2044
2045
2046
2047
2048
204851
2049
204962
205
2050
2051
2052
2053
2058
206358
2064
2065
2066
207
2070
208
2081
2091
2098
21
210
2108
2109
211
2110
212
213
2131
2132
2134
2135
2137
2138
2139
2140
2145
2146
2147
215
216
2162
2165
2166
2167
2168
2169
217
2170
2171
2172
2173
218
2180
2181
2182
2184
2185
219
2193
219333
2194
219970
220
220074
2203
220441
220963
220972
221
221078
221143
221223
221264
221357
221443
221687
221823
221955
222
2222
2224
222537
222962
223
223082
2232
2235
224
2241
2242
2243
225
225689
226
2260
2261
2263
2264
2268
2271
2272
2274
2280
2281
22820
22843
22845
22848
22853
22856
22858
2286
2287
22876
2288
2289
229
22908
22928
22929
22933
22934
22949
22954
22977
22978
22983
230
23007
23012
23031
23032
23035
23039
23043
23049
23054
23057
23067
23070
23072
23077
23097
231
23112
23127
23139
23165
23169
23171
23175
23178
23179
23193
23203
23205
2321
23214
2322
23225
23228
23235
23236
23239
2324
23250
2326
23262
2327
23279
2328
2329
23295
2330
23304
23305
23309
23315
23318
23324
23326
23327
23352
23358
23363
23371
23378
23382
23387
2339
23390
23395
23396
23398
23408
23410
23411
23417
2342
23428
23430
23438
23439
23443
23446
23463
23464
23475
23478
2348
23483
23491
23498
2350
23511
23516
23517
2352
23522
23529
23530
23533
23539
23545
23552
23553
23556
2356
23563
23564
23569
23576
23590
23597
23600
23604
23608
23609
23616
23617
23624
23632
23633
23636
23646
23649
23657
23659
23678
23683
23729
23743
23759
23761
23770
238
239
2395
24
240
24140
24142
242
2444
245972
245973
246
246213
247
248
249
2495
25
250
251
2512
2517
2519
2523
2524
2525
2526
2527
2528
2529
2530
253017
2531
253175
2534
253430
253558
253782
2538
253832
2539
254013
254173
2542
254359
254428
254531
2548
254887
255189
255488
256126
256281
256356
256435
257068
2571
2572
257202
257218
25769
25778
25796
25797
2580
25800
2581
2582
25824
25828
2583
25830
25831
25834
2584
25840
25841
2585
25862
25865
25874
2588
25885
2589
25895
25897
25898
2590
25902
25909
2591
2592
25921
259230
2593
25930
259307
25942
2595
2597
25973
25976
25989
26
26001
26002
26007
26027
260293
26035
26052
26061
26062
26063
26090
26091
26151
2617
2618
26191
262
26227
26229
26230
26266
26275
26279
2628
26289
2629
26290
26301
2632
26330
2638
2639
2643
2645
26469
2648
2650
26503
2651
26524
2653
26576
26580
266722
266740
267
267020
2673
26750
2678
2679
2683
2686
2687
26873
269
2694
26958
27
270
27005
27010
27032
27034
27063
27068
27087
27089
27090
271
2710
27102
27109
27115
2712
27124
2713
27132
27148
27159
27163
27165
2717
27173
272
2720
27231
27232
27233
27235
27242
27246
27284
2729
27294
27297
2730
27306
2731
2733
27330
27338
27339
27343
27347
27349
2739
27430
27434
2744
2745
2746
2747
275
2752
276
2760
2762
2766
277
278
279
2799
28
280
2805
2806
2819
2820
2821
2822
28227
28231
28232
28234
282974
283208
283209
283358
283375
283576
283629
283652
283748
283871
283985
284004
284086
284098
284111
284129
284273
284439
284541
284656
284996
285193
285195
285220
285440
285641
285671
285755
285973
286016
286297
286410
2872
2875
2876
2877
2878
2879
2880
2882
28965
28972
28976
28982
28992
28996
290
29071
29072
29081
29082
29085
29089
291
29101
29104
29110
29116
29124
29128
292
2923
293
2936
2937
2938
2939
2940
2941
2944
2946
2947
2948
2949
2950
2952
2953
2954
2962
2974
29761
2977
2978
29785
29796
29800
29801
2982
2983
2984
29841
2986
2987
29880
29881
2990
29906
29914
2992
29920
29922
29925
29926
29929
29940
29941
29943
29947
29953
29954
29956
29958
29960
29968
2997
2998
29985
29986
29988
30
3000
30061
3028
3029
3030
3032
3033
3034
3035
3036
3037
3038
3052
3055
306
3067
3069
3073
3074
3081
30811
30814
30815
30833
30834
30849
3091
3093
3098
3099
31
3101
313
314
3141
3145
3155
3156
3157
3158
316
3162
3163
3176
3177
317749
318
32
3242
3248
3251
326625
3275
3276
3283
3284
3290
3291
3292
3293
3294
3295
33
3339
3340
335
336
3373
3376
337867
337876
337880
338
338328
338599
338707
339175
339221
3396
339983
34
340024
340156
340481
340485
340562
340811
341
341392
341676
3417
3418
3419
341947
3420
3421
3422
3423
3425
343
343641
344
344387
344558
344967
345
345274
345630
346606
347411
347516
347734
348
3480
348158
348932
348995
349565
35
353
353238
353497
355
3551
358
359
36
360
360132
360203
361
3611
3612
3613
3614
3615
362
3620
3628
363
3631
3632
3633
3635
3636
364
3640
3643
3645
3654
3656
3658
366
369
37
3702
3703
3704
3705
3706
3707
3712
3716
3717
3718
372
373156
3735
373856
374291
374378
374462
374569
374875
374907
375056
375449
375607
375775
3764
376497
3767
377630
377677
377841
378884
3791
3795
38
3815
3816
3817
383
384
386724
386757
387338
387700
387775
387787
387893
388228
388714
389015
389396
3897
389840
389856
389898
39
3906
390928
391013
391627
3930
3931
3932
3938
3939
3945
3948
3949
3984
3985
3988
3990
3991
3992
3995
399818
401251
401494
4015
4017
4023
4025
403313
403314
4035
4036
4047
4048
4051
4056
4058
4067
410
4101
411
4117
412
4121
4122
4123
4124
4125
4126
4128
4129
4139
414
4140
4141
4143
4144
4145
415
415116
4166
417
419
4190
4191
4193
4199
420
4200
4214
4215
4216
4217
4233
4234
4245
4247
4248
4249
4255
4257
4258
4259
427
4281
4282
4284
4293
4294
4296
4297
43
4329
4337
4338
4342
435
4351
4353
4357
4363
438
440
440138
440275
441024
441061
441282
441531
442117
443
444
445
445329
4482
4486
4507
4508
4509
4512
4513
4514
4519
4522
4524
4534
4535
4536
4537
4538
4539
4540
4541
4547
4548
4552
4593
4594
4597
4598
4638
4645
4668
4669
4677
4694
4695
4696
4697
4698
47
4700
4701
4702
4704
4705
4706
4707
4708
4709
471
4710
4711
4712
4713
4714
4715
4716
4717
4718
4719
472
4720
4722
4723
4724
4725
4726
4728
4729
4731
4734
4750
4751
4752
4758
4759
476
477
478
479
48
480
481
482
4820
483
4830
4831
4832
4833
4835
4836
4837
4839
4842
4843
4846
4850
486
4860
4862
4864
487
488
4881
4882
489
4891
4899
490
4905
4907
491
4914
4915
4916
4919
492
4920
4921
4927
4928
493
493869
493911
4942
494551
4948
495
4952
4953
496
4967
498
50
5002
5009
501
5019
5033
5034
5048
50484
50486
50487
50488
5049
5050
50506
5051
50515
5052
5053
5058
506
50614
50617
5062
5063
50640
5066
5068
50700
5071
50808
50814
509
5091
5092
50940
5095
5096
51
51004
51005
51022
51031
5105
51056
5106
51067
51071
51074
51079
51082
51084
51086
51095
51097
51099
5110
51100
51102
51106
51109
51111
51114
51126
51129
51135
51144
51146
51148
51166
51167
51170
51171
51172
51179
51181
51196
51201
51205
51207
51227
51228
51231
51251
51257
51265
51268
5127
5128
5129
51292
51296
513
5130
51301
51302
51303
51304
51312
51347
5136
51363
51366
5137
5138
51380
51382
5139
514
5140
51409
5141
5142
51422
51426
5143
5144
51444
51447
51449
5145
51451
51458
5146
51465
5147
51477
51478
5148
5149
51495
51496
515
5150
5151
5152
51520
51529
5153
51540
51547
51548
51550
51557
51559
5156
51573
5158
5159
51592
516
5160
51601
51603
51604
51606
5161
51611
51619
5162
5163
5164
51645
5165
51651
51657
5166
51660
51661
5167
5168
5169
51699
517
5170
51700
51701
51702
51703
51706
5172
51727
51728
51733
51741
51742
51755
51763
51765
51776
518
51805
51809
51816
5184
5198
52
5205
5207
5208
5209
521
5210
5211
5213
5214
5218
522
5223
5224
5226
523
5230
5232
5236
5238
5239
5243
5244
525
5250
5251
5255
5256
5257
526
5260
5261
5264
5265
527
5277
5279
528
5281
5283
5286
5287
5288
5289
529
5290
5291
5292
5293
5294
5295
5296
5297
5298
53
5300
5303
5305
5313
5315
5319
5320
5321
5322
533
5330
5331
5332
5333
5334
53343
5335
53354
5336
5337
53371
5338
534
5340
5346
5347
535
5351
5352
5360
53630
5365
537
5372
5373
539
53904
53905
53919
53938
53944
53947
54
54020
5406
5407
5408
5409
54101
54107
54187
5422
5423
5424
5425
5426
5427
5428
5429
5430
5431
5432
5433
5434
54344
5435
5436
54363
5437
5438
5439
5440
54407
5441
54414
5442
54434
5444
5445
5446
5447
54476
54480
54482
54490
54492
54495
54496
54498
545
54503
54511
54539
54545
54575
54576
54577
54578
54579
54600
54625
5464
5465
54657
54658
54659
54675
54677
54682
5469
5470
54704
54708
5471
54716
5475
5476
5478
5479
5480
54802
5481
54822
54830
54857
548596
54861
54872
54898
549
54904
54926
54928
54931
54935
54938
5494
54941
54947
5495
54956
5496
54961
54963
54965
54977
54979
5498
54981
54986
54988
5499
54995
55
5500
5501
55016
5502
55031
55033
55039
5504
5506
55065
55066
5507
55072
55089
55093
55117
55120
55140
55146
55148
55149
5515
55157
55159
5516
55163
55170
55178
5518
5519
55190
55191
5520
55209
5521
55217
5522
55224
55226
55229
5523
55230
55236
55244
55256
55268
55276
55277
55284
55293
5530
55300
55301
55304
5531
55312
55315
5532
55326
5533
55331
5534
55343
55349
5535
55350
55351
55356
55359
5536
55361
5537
5538
55454
5550
55500
55501
55512
55526
55529
55561
55568
55577
55585
55586
55589
55593
55613
5562
55621
55624
55625
55627
5563
55630
5565
55650
55658
5566
55662
5567
55676
5568
55683
55687
55695
55699
55703
55706
55711
55718
5573
55733
55743
55746
55748
5575
55750
55753
55757
5576
55768
5577
5578
55781
55783
5579
55790
55798
558
5580
55808
5581
55811
55819
5582
55821
55825
5583
55830
5584
5585
55856
5586
55867
5587
55870
55872
5588
5589
55891
5590
55902
55904
55907
5591
5592
5593
5594
5595
5596
55967
5597
5598
5599
5600
5601
5602
5603
5604
5605
56052
5606
5607
5608
5609
5610
5613
5616
56164
5625
56254
56257
56261
56267
56301
5631
56339
5634
56341
5641
56474
56548
5660
56603
56606
56623
56624
56655
5681
56829
56848
56852
56886
56894
56895
56898
56903
56910
56913
56922
56924
56940
56950
56953
56954
56965
56983
56985
56994
570
57016
57026
57030
57038
57084
57094
57097
57103
57104
57106
57107
57115
57118
57122
57127
57134
57144
57153
57154
57171
57172
57176
57181
57194
57198
5723
5728
57282
5730
57379
57393
57396
5740
57406
57412
57419
5742
5743
57448
57452
57468
5747
57478
57486
57505
57519
57520
5753
57531
57534
5754
57546
57551
57558
57559
57571
57574
57595
57602
57604
57630
57646
57657
57663
57665
57678
57695
5770
57704
5771
57721
57733
5774
5775
57761
5777
5778
57786
57787
5780
57804
5781
57818
5782
57820
5783
57834
57835
5784
5786
5787
5788
5789
5791
5792
5793
5794
5795
5796
5797
5798
5799
580
5800
5801
5802
5803
5805
5810
58190
5825
5831
5832
5833
5834
5836
5837
58478
58488
58497
58508
58510
5859
586
5860
587
5871
5883
5891
5894
5896
590
5903
5917
59272
593
5930
59344
594
5947
5948
5949
5950
5959
5973
5979
5980
5985
6005
6011
6015
6017
60386
6045
6048
60481
60482
60487
60490
60495
60496
6051
60559
606495
60681
6093
6095
6098
6120
6121
613
6173
6184
6185
619373
6195
6196
6197
6198
6199
622
6240
6241
6256
6259
6296
6300
6301
6303
6307
6309
6319
6342
635
6382
63826
6389
63891
63893
63899
6390
63904
6391
63917
6392
6396
640
64064
64077
64078
64080
64087
64090
64116
64122
64131
64132
641371
641372
64146
6416
641649
64174
64180
6419
64216
64219
64220
64240
64241
64320
64324
64326
64377
643853
644
64409
64419
64425
64429
644378
644591
6446
6448
644974
64499
645
645740
64577
64579
64600
646480
646486
646625
6470
64711
64714
6472
64745
64748
64750
64754
6476
64761
64768
6477
64772
6478
64781
6480
64802
64816
6482
6483
64834
6484
64840
64841
64844
64849
64850
64852
64854
64863
6487
6489
64895
649
64900
64902
65010
65018
6505
6506
65061
6507
6508
6509
6510
6511
6512
65125
6513
6514
6515
6517
6518
6519
6520
6521
6522
65220
6523
6524
6526
65263
65264
65266
65267
65268
6528
6529
6530
653082
6531
6532
6533
6534
6535
653505
653598
6536
653689
6538
6539
6540
6541
6542
6543
654364
6546
6547
6548
6549
6550
6553
6554
6555
6556
6557
6558
6559
6560
6561
6563
6564
6565
6566
6567
6568
6569
657
6570
6571
6572
6573
6574
6575
6576
6578
6579
658
6580
6581
6582
6583
6584
659
6596
65975
65985
660
66002
66035
6604
6609
661
6610
6611
6646
6647
6648
6649
6652
6675
6677
669
6697
6713
6714
6715
6716
6718
6720
6723
6725
673
6732
6733
6748
6770
6783
6785
6787
6788
6789
6790
6792
6793
6794
6795
6799
6817
6818
6819
682
6820
6821
6822
683
6833
6839
6850
686
6872
6880
6885
6888
6894
6897
6898
6901
6907
6916
695
699
6999
7001
7006
701
7010
7016
7037
7046
7047
7048
7051
7052
7053
7054
7064
7075
7083
7084
7086
7108
7166
7167
7172
7173
7175
7177
7179
7204
7226
7263
7264
7267
7272
7273
728226
728369
728373
728379
728386
728393
7284
728400
728405
728419
728441
728637
728642
729020
729359
7294
7295
7296
7297
7298
7299
7301
730262
7306
7317
7318
7319
7320
7321
7322
7323
7324
7325
7326
7327
7328
7329
7332
7334
7337
7350
7351
7352
7355
7357
7358
7360
7363
7364
7365
7366
7367
7368
7371
7372
7375
7378
7381
7384
7385
7386
7388
7389
7390
7398
7407
7443
7444
7453
7465
7468
747
7498
751071
752014
7525
7535
755
759
760
761
762
763
765
766
767
768
7681
771
7779
7786
780
7803
7837
7841
7844
7862
7867
7874
788
78986
790
79001
79017
79023
7903
79053
79066
79071
79077
79087
79091
79133
79143
7915
79158
79178
7922
7923
79369
7941
79411
79567
7957
79581
79586
79587
79589
79594
79595
79603
79609
79611
79623
79631
79644
79646
79654
79660
79668
79670
79672
79683
79690
79691
79695
79705
79707
79709
79717
79718
79723
79730
79731
79751
79796
79799
79813
79814
79828
79829
79834
79837
79844
79858
79868
79871
79872
79888
79896
79901
79902
79903
7991
79918
79922
7994
79944
79947
79948
79966
79993
80024
80025
80055
801
80142
80146
80150
80155
80162
80168
80201
80205
8021
80218
80221
80222
80235
80270
80271
8029
80308
80324
80339
8034
80347
80351
8041
805
8050
8061
80704
80724
8073
80736
80765
8078
808
80824
8085
80854
8086
80864
80895
80896
81031
81034
814
8140
81490
815
81537
81539
81559
81579
816
81616
81627
81629
81693
817
8170
81788
818
81847
81849
81855
81888
81890
81894
81929
8202
8228
8237
8239
825
8260
8277
8287
8288
8309
8310
8315
8317
833
83401
83440
83468
83539
83549
83594
83666
83697
8372
83732
83733
83737
8382
83844
83852
83875
83884
8394
83942
8395
8396
8398
83983
8399
84002
8402
84076
8408
84101
84102
84105
84126
84129
84132
84148
84152
84172
8418
84188
84196
84231
8424
84243
84245
84254
84264
84265
84274
8428
84284
84287
84340
84343
8435
8443
8444
84444
84446
84447
8445
84451
8446
84513
84532
84569
8459
8460
84618
84620
84640
84647
84649
84669
84676
84679
8468
84693
847
84701
84706
84720
8473
84735
84749
84750
84752
8476
84779
84787
8479
8480
84803
84812
84814
84833
84867
84869
84875
84881
84885
84889
84890
8491
84912
84920
84926
8493
84930
84937
84992
85007
8501
85015
8503
8509
8513
8520
8525
8526
8527
8528
8529
85313
85320
8534
8536
85363
85365
85366
8540
85413
85441
85464
85465
85476
85481
8550
8555
8556
8558
8560
8564
8565
8566
8569
8573
8574
8576
8604
8605
8608
8611
8612
8613
8621
8622
8630
8634
8637
8639
8644
8647
8648
8654
8658
8659
867
8671
868
8681
8692
8693
8694
8702
8703
8704
8705
8706
8707
8708
8711
8714
87178
8722
873
8731
8732
8733
8737
874
875
8760
8767
8776
87769
8780
8781
8789
8790
8798
8800
8801
8802
8803
8813
8814
8818
8821
8824
883
8833
8836
8841
8850
8854
8859
8867
8869
8871
8875
8876
8877
8879
8883
8884
8897
8898
8899
8908
8916
8924
8925
8942
8972
8974
8975
89792
8985
8986
89869
89872
89874
89910
8992
8993
8997
8999
9
90
9016
90161
9020
9023
9024
9025
9027
90381
9039
9040
90423
9045
9056
9057
9058
9060
9061
90627
9064
90678
90701
90809
90826
9085
9088
9091
9097
9098
9099
91
9100
9101
91012
9104
9107
9108
9113
9114
91179
91181
9120
9121
9122
91227
9123
9128
91373
91445
9148
9149
9150
9152
9153
9154
9162
9167
91703
91734
9175
91754
91801
91807
9187
9194
9197
92
9200
9201
92086
9212
9217
9218
92235
9227
92292
92342
92370
9245
9246
92483
9249
9252
92579
9261
9262
9263
92745
9276
92912
92935
9296
92979
93
93010
93034
93100
93183
9320
9329
9331
9333
9334
9344
9348
93492
93517
9354
9356
93587
9360
9365
93650
9374
9376
9377
9380
9388
9390
9394
9397
93979
94
94005
94033
94059
94081
9415
9420
9426
9429
9435
9446
9448
9451
9453
9468
9469
9475
9476
948
9481
9486
9487
9488
9489
949
9497
9498
95
9514
9517
952
9520
9524
953
9533
9536
954
955
9550
9551
9556
956
9562
9563
957
9572
9575
9577
9578
9583
9588
9601
9604
9611
9612
9615
9619
9625
9631
9641
9647
9651
9653
9663
9666
96764
9677
9688
9690
97
9706
9718
9736
9739
9748
9754
9757
978
9781
9789
9791
98
9807
9810
9818
9829
983
9833
9836
984
9843
9856
9867
9869
9874
9883
9890
9891
9896
9914
9917
9924
9926
993
994
9942
9943
9945
995
9951
9953
9955
9956
9957
9958
9960
9962
9963
997
9972
9990


















